125, Veli Tuz, 0 533 1111111, 0 232 1111111
112, Ali Can Kara, 0 554 2222222, 0 543 3333333, 0 312 1111111
144, Canan Demir, 0 216 4444444
118, Veli Tuz, 0 505 2222222
102, Ayse Demir, 0 532 6667777, 0 232 2233455
525, Veli Tuz, 0 533 1111111, 0 232 1111111
132, Ali Can Kara, 0 554 2222222, 0 543 3333333, 0 312 1111111
344, Canan Demir, 0 216 4444444
418, Veli Tuz, 0 505 2222222
502, Ayse Demir, 0 532 6667777, 0 232 2233455
625, Veli Tuz, 0 533 1111111, 0 232 1111111
712, Ali Can Kara, 0 554 2222222, 0 543 3333333, 0 312 1111111
844, Canan Demir, 0 216 4444444
518, Veli Tuz, 0 505 2222222
131, Ayse Demir, 0 532 6667777, 0 232 2233455